12
20
0 50.2 470 480 Vegetaux.bmp
1 50.2 310 300 Gnou.bmp
2 50.2 542 -1 Leopard.bmp
3 50.2 773 298 Babouin.bmp
4 50.2 457 292 Buffle.bmp
5 50.2 737 476 Elephant.bmp
6 50.2 125 300 Phacochere.bmp
7 50.2 622 291 Gazelle.bmp
8 50.2 324 -1 Guepard.bmp
9 50.2 134 439 Hippopotame.bmp
10 50.2 729 52 Hyene.bmp
11 50.2 148 21 Lion.bmp
0 0 9 30.3
1 0 4 30.3
2 0 1 30.3
3 0 6 30.3
4 0 7 30.3
5 0 3 30.3
6 0 5 30.3
7 4 11 30.3
8 1 11 30.3
9 1 2 30.3
10 6 11 30.3
11 6 2 30.3
12 6 8 30.3
13 6 10 30.3
14 7 11 30.3
15 7 2 30.3
16 7 8 30.3
17 7 10 30.3
18 4 2 30.3
19 4 8 30.3
